1 0 0 1
2 0 2 1
3 2 2 1 
4 2 0 1 
5 0 0 3
6 0 2 3
7 2 2 3
8 2 0 3
9 1 2 3
10 1 0 3
11 0 0 7
12 0 2 7
13 2 2 7
14 2 0 7
15 2 0 6.5
16 2 2 6.5
17 1 2 6.5 
18 1 0 6.5
19 1 1.7 6.2
20 1 0.3 6.2 
21 1 0.3 3.3 
22 1 1.7 3.3
23 1 1.7 5.4
24 1 0.3 5.4
25 1 0.3 5.2
26 1 1.7 5.2
27 0.1 1.7 5.2
28 0.1 0.3 5.2
29 0.1 0.3 5.4
30 0.1 1.7 5.4
31 0.1 0.3 6.2 
32 0.1 1.7 6.2
33 0.1 1.7 3.3
34 0.1 0.3 3.3
35 1 0.3 4.2
36 1 0.3 4
37 1 1.7 4
38 1 1.7 4.2
39 0.1 0.3 4.2
40 0.1 0.3 4
41 0.1 1.7 4
42 0.1 1.7 4.2
43 1 0.3 6.2
44 1 0.3 3.3 
45 1 1.7 3.3
46 1 1.7 6.2
47 1.1 0.3 6.2
48 1.1 0.3 3.3 
49 1.1 1.7 3.3
50 1.1 1.7 6.2
51 1.1 0.5 6
52 1.1 0.5 3.5 
53 1.1 1.5 3.5
54 1.1 1.5 6
55 2 0.2 2.8
56 2 0.2 2.3
57 2 1.8 2.3
58 2 1.8 2.8
59 2 0.2 1.9
60 2 0.2 1.4
61 2 1.8 1.4
62 2 1.8 1.9
63 0 0 0.3
64 0 0.4 0.3
65 0.4 0.4 0.3
66 0.4 0 0.3
67 0.4 0 1
68 0.4 0.4 1
69 0 0.4 1
70 0 0 1
71 2 0 0.3
72 2 0.4 0.3
73 1.6 0.4 0.3
74 1.6 0 0.3
75 2 0 1
76 2 0.4 1
77 1.6 0.4 1
78 1.6 0 1
79 0.4 1.6 0.3
80 0.4 2 0.3
81 0 2 0.3
82 0 1.6 0.3
83 0.4 1.6 1
84 0.4 2 1
85 0 2 1
86 0 1.6 1
87 2 2 0.3
88 1.6 2 0.3
89 1.6 1.6 0.3
90 2 1.6 0.3 
91 1.6 2 1
92 1.6 1.6 1
93 2 1.6 1
94 2 0.2 1.2
95 2 1 1.2
96 2 1 2.8 
97 2 0.2 2.8
98 0.1 0.2 1.2
99 0.1 1 1.2
100 0.1 1 2.8 
101 0.1 0.2 2.8
102 2 1 1.2
103 2 1.8 1.2
104 2 1.8 2.8
105 2 1 2.8
106 0.1 1 1.2
107 0.1 1.8 1.2
108 0.1 1.8 2.8
109 0.1 1 2.8
110 2 0.2 1.2
111 2 1 1.2
112 2 1 2.8
113 2 0.2 2.8
114 2.1 0.2 1.2
115 2.1 1 1.2
116 2.1 1 2.8
117 2.1 0.2 2.8
118 2 1 1.2
119 2 1.8 1.2
120 2 1.8 2.8
121 2 1 2.8
122 2.1 1 1.2
123 2.1 1.8 1.2
124 2.1 1.8 2.8
125 2.1 1 2.8
Faces:
1 2 3 4.4 3 2 1.
11 12 13 14.14 13 12 11.
13 14 15 16.16 15 14 13.
17 18 15 16.16 15 18 17.
1 2 6 12 11 5.5 11 12 6 2 1.
1 5 11 14 15 18 10 8 4.4 8 10 18 15 14 11 5 1.
12 13 16 17 9 7 3 2.2 3 7 9 17 16 13 12.
9 10 8 7.7 8 10 9.
31 32 19 20.20 19 32 31.
21 22 33 34.34 33 22 21.
19 22 33 32.32 33 22 19.
20 21 34 31.31 34 21 20.
19 17 9 22.22 9 17 19.
9 22 21 10.10 21 22 9.
21 10 18 20.20 18 10 21.
17 18 20 19.19 20 18 17.
23 24 29 30.30 29 24 23.
25 26 27 28.28 27 26 25.
23 24 25 26.26 25 24 23.
35 38 42 39.39 42 38 35. 
36 37 41 40.40 41 37 36.
35 36 37 38.38 37 36 35.
43 44 45 46.46 45 44 43.
47 48 49 50.50 49 48 47.
45 46 50 49.49 50 46 45.
48 49 45 44.44 45 49 48.
47 48 44 43.43 44 48 47.
43 46 50 47.47 50 46 43.
51 52 53 54.54 53 52 51.
63 64 65 66.66 65 64 63.
63 64 69 70.70 69 64 63.
68 69 64 65.65 64 69 68.
65 66 67 68.68 67 66 65.
66 67 70 63.63 70 67 66.
71 72 73 74.74 73 72 71.
71 72 76 75.75 76 72 71.
71 74 78 75.75 78 74 71.
78 74 73 77.77 73 74 78.
76 77 73 72.72 73 77 76.
79 80 81 82.82 81 80 79.
79 80 84 83.83 84 80 79.
80 81 85 84.84 85 81 80.
81 82 86 85.85 86 82 81.
79 82 86 83.83 86 82 79.
87 88 89 90.90 89 88 87.
3 87 88 91.91 88 87 3.
91 88 89 92.92 89 88 91.
90 89 92 93.93 92 89 90.
90 87 3 93.93 3 87 90.
98 99 100 101.101 100 99 98.
96 95 99 100.100 99 95 96.
96 97 101 100.100 101 97 96.
97 94 98 101.101 98 94 97.
94 95 99 98.98 99 95 94.
104 103 107 108.108 107 103 104.
104 105 109 108.108 109 105 104.
102 106 109 105.105 109 106 102.
102 103 107 106.106 107 103 102.
106 107 108 109.109 108 107 106.
116 117 114 115.115 114 117 116.
112 113 110 111.111 110 113 112.
112 113 117 116.116 117 113 112.
110 114 117 113.113 117 114 110.
110 114 115 111.111 115 114 110.
111 115 116 112.112 116 115 111.
118 119 120 121.121 120 119 118.
122 123 124 125.125 124 123 122.
122 118 121 125.125 121 118 122.
118 122 123 119.119 123 122 118.
123 119 120 124.124 120 119 123.
120 121 125 124.124 125 121 120.
121 125 122 118.118 122 125 121.
7 104 103 3.3 103 104 7.
3 103 102.102 103 3.
3 4 95 102.102 95 4 3.
4 95 94.94 95 4.
4 94 97 8.8 97 94 4.
97 96 8.8 96 97.
7 104 105.105 104 7.
8 96 105 7.7 105 96 8.
3 95 4.4 95 3.
7 105 8.8 105 7.
